.Random.seed <-
c(403L, 10L, 1758458959L, -993819387L, 574809532L, -1983467374L, 
-536534131L, 397415367L, 1691576494L, -994629368L, -1789569269L, 
265384425L, 931428024L, 1117782374L, -285883903L, 507444371L, 
1488627522L, 1185069300L, -612879113L, -1155822355L, 1797316484L, 
-1183288918L, 1283073813L, -19204689L, 591355318L, -527703072L, 
-1943049437L, 1214925889L, -1484259536L, -547656370L, -766496839L, 
1635674571L, 73435770L, 1029734268L, -1168322625L, -376194923L, 
628876972L, -556534654L, 1237939293L, 58088279L, 749995582L, 
-876377480L, -1220896421L, -1357883207L, 289724680L, 1942440886L, 
-384562959L, 792813347L, -2041067150L, 1889106884L, -329697401L, 
-547349155L, 1348612948L, 1100327290L, 1556407493L, 1833473567L, 
-393641562L, -1109167312L, 1260929491L, 1127606257L, 1116340512L, 
-1209311298L, 926085065L, 1425366907L, -546347702L, 1949397420L, 
224980143L, -270666139L, -315421156L, 1814765682L, -1594165523L, 
-1383646425L, 633255758L, -1616642136L, 1389259691L, 1315825865L, 
1969926360L, 1952558470L, -92060575L, -1136720397L, 1278657634L, 
1597293268L, 46482391L, -527771187L, 616353124L, -95426230L, 
-202444619L, 455219215L, -1687228138L, -790623296L, -1061255293L, 
-810637919L, 1753688464L, -491449746L, 1791067161L, 2020210859L, 
1937476762L, 118099036L, -495445665L, 333114165L, 1039281868L, 
1353866274L, 804413053L, 1151558519L, 1513061534L, 1810991960L, 
1434463931L, -1428467623L, 1273615336L, 2045802006L, -1994761839L, 
279788099L, -271713966L, -966890012L, -1192627161L, 1030692989L, 
682749300L, 736231770L, 1408968613L, 2019788735L, -2068628410L, 
-322049328L, 1897846003L, -787271151L, 874251328L, -1075222498L, 
-973351191L, 571884571L, -1667199958L, -1431343284L, -1366887153L, 
1675786309L, -633495044L, 1630793810L, 121600461L, -1744024697L, 
569818734L, -1699418552L, -302495669L, -1490861655L, 1537670392L, 
2047551526L, -1606428351L, 1703900883L, 826859138L, -493845324L, 
-456664009L, 1025924909L, 1688886340L, -596672150L, 169852373L, 
323279727L, 1442472566L, -1251412576L, -1587166621L, 1930879745L, 
-1706067344L, 944199182L, -307528071L, -1335612917L, 248406842L, 
19888700L, -1725892225L, 468570837L, -1564458260L, 1293947970L, 
-1027912803L, 936043031L, 1144911742L, 1840764216L, -569982437L, 
-2046710919L, 1994354120L, 587297270L, 934888497L, -1801890205L, 
1314081330L, -193398908L, 1698620871L, 1816882333L, -1327682540L, 
-1188951366L, -1516745979L, 1445286111L, 1675536742L, 1008213232L, 
-182007789L, -1765565007L, 1409202272L, -126380546L, -1224859255L, 
567269051L, 231576202L, 2048355692L, -1537197329L, -1486699227L, 
447787996L, -1855995470L, -981278547L, -503697305L, -441641074L, 
151855208L, 1935830123L, 1402648073L, 1164613784L, 352224198L, 
-1626368223L, 1753150387L, 445283106L, 830123284L, -557146729L, 
-779401843L, 804766884L, -1874090358L, 2013551861L, -21576881L, 
-325247914L, -1434542336L, -1802913213L, 1730765281L, 1977247056L, 
-599917650L, 909769049L, 331073387L, -599615782L, 364099484L, 
-67859553L, 2126131701L, 523109516L, -768084504L, -151372038L, 
-1718867120L, -498492372L, 1789389172L, 1986942610L, -804516256L, 
-982391156L, 404490080L, 2114972386L, -1230999384L, 356936908L, 
1933312508L, 1255837618L, -2040804880L, 1403164100L, 1122966360L, 
-2126483590L, -74283600L, -889199172L, -1352784812L, -1336698942L, 
-95963360L, -2007209028L, 1002899024L, 1519749602L, 1207092584L, 
-347914932L, 148026620L, 1678256882L, -1187085568L, 132509300L, 
353301512L, -1016215110L, -1227074608L, -1446533652L, -468447340L, 
1995185874L, -1305814432L, -390365876L, 766357792L, -1256042878L, 
-1824807448L, 1397359596L, 909457980L, 1672201842L, 1168743280L, 
1955533092L, 1628533304L, -1497695846L, -540750384L, 276778428L, 
-290384748L, 1567291522L, 139247040L, -73666756L, -122855280L, 
376105762L, -434877944L, -817788660L, -1973638756L, 58173970L, 
1775898496L, 218188564L, -315490008L, -589871046L, 497023952L, 
420212332L, 975753780L, -1374394734L, -892388000L, -576714420L, 
-1940089888L, 2059256226L, -363554392L, 1834473100L, 207748540L, 
-1243622798L, -1103008784L, 931414596L, -1750880168L, -242375622L, 
-1567632L, -2057018308L, 1935869204L, 1654426306L, 1069201120L, 
-1454863236L, 455281360L, -327136862L, -1960985560L, -622811380L, 
-1611461188L, 560744242L, -1180889408L, 1205776436L, 1327795912L, 
124799162L, -25648496L, 1129512684L, -2096219564L, 1014427282L, 
-365196000L, 933381580L, -1281003808L, -144735038L, -467370968L, 
1149137836L, 1454239420L, 1929254898L, 358341168L, -513539164L, 
776129976L, 1614974810L, -1357356912L, 1603768188L, -1032628972L, 
1661618498L, 1065424128L, -794910276L, -1125808816L, -634891998L, 
-1998605752L, -433224692L, 307008092L, 1637672402L, 1202454016L, 
-93292204L, 1532341480L, 1674074362L, 1695677136L, 910966572L, 
-2141764364L, -1872716398L, -454725280L, -35614708L, 1940285664L, 
-247507358L, -70184792L, 1697955916L, 1414731644L, 390262066L, 
-1825493392L, -122636476L, 2140384216L, 1556031354L, -688249808L, 
-593795140L, -1984120236L, 410318914L, -2039437664L, -888401220L, 
96997328L, 826708322L, 567962344L, 1642278092L, 1763174908L, 
-419843598L, -287549312L, 1603550708L, 1716382344L, 272164666L, 
950051152L, 1460289644L, 904545684L, 481285202L, -2027441696L, 
541446348L, 2082364064L, -1067427454L, -417952536L, 117002988L, 
-1977116356L, -1991936910L, -1370956176L, -1514854876L, -81549256L, 
1809691930L, 2139787472L, -252207812L, 752017300L, 322494338L, 
-1836671040L, 1506887228L, 2055760272L, -168197086L, -2003568376L, 
-220728180L, 656687900L, 906328210L, -1836340864L, 1875000340L, 
520478504L, -1802164678L, -728731184L, -581701268L, 697710516L, 
-1053778414L, 121308128L, 2014660044L, -650353440L, 800641058L, 
-1870342360L, 463222284L, 219673404L, 1685337074L, -1289581840L, 
1708517956L, 2039023192L, -805660870L, -848333840L, -1710750020L, 
-426973932L, -1249324862L, 248872032L, -468567684L, 2054199248L, 
166541602L, -1465045336L, -916890740L, -1293501252L, 1093017394L, 
1106371136L, 1110082740L, 43172936L, 1684281786L, -1301807600L, 
-1587113882L, 1880491667L, -1272637963L, 1545316306L, 219444256L, 
-1472158199L, -1155170501L, 1077228172L, 926394138L, -1165432433L, 
-582678823L, -931509906L, 1812763900L, -710250899L, -1657951721L, 
-294805536L, 293870526L, 619297163L, -1643173363L, 51906106L, 
-1520112008L, 517932577L, -1308845869L, 118712308L, 56242306L, 
-874338025L, 1599201249L, 792049958L, 1939888164L, -1595524395L, 
-1310030209L, -983333096L, 959120950L, 1670076611L, -1412385531L, 
556645538L, -1698979184L, -459379143L, -546713877L, 184438748L, 
1129533962L, 451278079L, -490479287L, -374435106L, 1435009164L, 
-960882595L, 475600487L, -463108208L, 1835453358L, 911241819L, 
-1114853827L, -846204758L, -1884368568L, -1388587663L, 245768931L, 
831154660L, -1336195822L, -1645741849L, -1485685071L, 1375266038L, 
-997009644L, -869326811L, 1174369583L, -1343956248L, -980953146L, 
1772800627L, 496917717L, -36675918L, 1120945792L, 1682763369L, 
-923503909L, 418311724L, -1026232774L, -1405114129L, -1298418823L, 
-105021426L, 111363548L, 360572493L, -1519573577L, -29902016L, 
-1523156450L, 1341889771L, -1432214419L, 1553716442L, 577019032L, 
-453367039L, 748949683L, 1947229140L, 1782081250L, 1445910391L, 
-1586603327L, 1268427334L, -890968700L, -1153221835L, -1601992417L, 
-1393680264L, 1040817494L, -523418653L, -1813258843L, -1583497150L, 
-1938526672L, -1965230503L, -1511673909L, -247984068L, -791601558L, 
271062175L, -2066590423L, -1824382530L, 604397740L, -61786627L, 
1395555655L, 893621808L, 917765966L, -755469445L, -138971939L, 
-99150582L, -810741720L, -742423407L, 916607107L, 1759461764L, 
-849571918L, 45994247L, -1081556143L, 234480342L, 1442298804L, 
-478346299L, 228643599L, 707989896L, 2028078246L, -282373037L, 
1742706101L, -988226798L, -243816224L, 637943113L, -2062352517L, 
929499724L, 1791546330L, 1347434959L, -349687911L, -2101188690L, 
2075602108L, -490289875L, -97929513L, 1621212960L, 388388990L, 
-821158325L, -1703332787L, 953440890L, -936152392L, -1757435807L, 
